0
228
0.165517
-0.061277
-0.107005
0.678076
-0.090729
-0.051788
-0.015024
-0.117350
-0.090076
0.095884
0.119212
-0.158113
-0.005014
-0.002344
0.201074
-0.112375
0.066625
0.400120
-0.142908
-0.005014
-2.000002
0.000000
0.106238
0.032968
0.032968
-0.321924
0.167218
-0.026174
0.068969
0.302602
0.095884
-0.735153
0.167218
0.123693
0.119212
-0.521667
0.000000
0.027953
0.098727
0.000000
0.000000
-0.061277
-0.052526
0.020428
0.068969
-0.118079
0.096592
-0.005014
0.027953
0.167218
-0.015024
-0.026174
0.105886
0.000000
0.038554
-0.308069
0.096592
0.032968
-0.002344
0.096592
0.044287
0.263399
-0.307877
0.000000
0.000000
0.052459
0.000000
-0.090076
-0.372515
0.068969
-0.061277
-0.372515
-0.117350
-0.107005
0.068969
-0.109350
0.000000
-0.074432
-0.142908
-0.281703
0.096943
0.180648
0.119212
0.042495
0.008582
0.097519
-0.090076
0.119212
0.038554
0.038554
0.044287
0.246546
-0.090729
0.097519
0.124742
-0.321924
-0.074432
-0.283914
0.167218
0.678076
0.000000
0.068969
-0.052526
0.124742
-0.107005
0.279514
0.000000
-0.051788
-0.142908
0.000000
-0.339053
0.096592
-0.095436
-0.015024
0.042495
0.027953
0.246546
0.307685
0.081645
-0.015024
-0.061277
0.183137
0.113751
0.068969
0.201074
0.095884
0.095884
0.008582
0.096943
-0.142908
-0.153860
-0.142908
0.106238
-0.099180
-0.051788
0.000000
-0.117350
0.027953
0.201074
-0.643853
-0.142908
-0.049316
0.000000
-0.026174
-0.074432
0.109981
-0.112375
0.044287
-0.090076
-0.090729
0.119212
-0.165139
0.130138
0.044287
0.119212
0.123693
0.000000
-0.174872
-0.002344
-0.468988
0.302602
-0.146451
-0.117350
0.258839
0.597929
0.052459
0.167218
0.141805
0.095884
0.263399
0.119212
0.201074
0.032968
0.096943
0.130138
-0.078280
-0.112375
0.043877
0.183137
-0.090076
0.183137
0.024075
0.000000
0.097519
0.124742
0.043877
-0.122364
0.046366
0.095884
0.008582
0.220284
0.201074
-0.090076
-0.117350
0.042495
-0.054893
-0.061277
-0.165139
0.350784
0.000000
0.000000
0.162247
-0.165161
-0.117350
-0.054274
0.130138
0.246546
0.302602
0.000000
-0.096835
-0.090076
0.000000
0.042495
-0.052526
-0.090076
-0.177216
-0.051788
0.042495
0.259180
0.000000
0.285073
-0.061277
0.096592
0.068969
0.192292
-0.090729
0.043877
-0.372515
0.038554
