1
20
138
-85.035784
0.000000
44.000000
6.400000
2.400000
1.000000
1.900000
53.700000
0.000000
0.000000
0.000000
0.400000
0.700000
50.000000
0.400000
1.000000
1.400000
0.200000
0.200000
0.400000
0.600000
0.000000
64.000000
10.900000
3.700000
1.500000
3.400000
44.100000
0.000000
0.100000
0.000000
0.600000
0.900000
70.200000
0.400000
0.700000
1.100000
2.100000
0.400000
0.200000
1.100000
0.000000
39.000000
5.800000
1.500000
0.500000
1.000000
51.300000
0.000000
0.000000
0.000000
0.500000
0.500000
90.500000
0.500000
0.600000
1.200000
0.200000
0.100000
0.100000
0.100000
0.000000
82.000000
31.500000
11.400000
5.200000
11.300000
46.100000
0.300000
1.000000
27.700000
0.800000
1.300000
58.900000
0.700000
2.000000
2.600000
6.800000
1.600000
0.300000
1.700000
0.000000
63.000000
14.000000
4.700000
1.900000
4.200000
46.600000
0.000000
0.000000
0.000000
0.900000
1.400000
62.100000
1.500000
2.200000
3.600000
0.400000
0.400000
0.400000
1.100000
0.000000
61.000000
13.200000
5.300000
2.100000
4.800000
43.700000
0.000000
0.000000
0.000000
1.000000
1.600000
64.300000
1.000000
1.800000
2.800000
0.800000
0.200000
0.200000
0.800000
0.000000
71.000000
30.400000
16.300000
6.100000
12.400000
49.500000
0.000000
0.000000
0.000000
4.000000
5.500000
72.500000
2.400000
4.100000
6.500000
1.500000
1.000000
1.300000
2.100000
0.000000
51.000000
6.500000
1.900000
0.800000
1.500000
55.300000
0.000000
0.000000
0.000000
0.300000
0.500000
46.400000
0.700000
1.400000
2.100000
0.100000
0.200000
0.300000
0.600000
0.000000
82.000000
16.700000
5.200000
1.900000
4.500000
42.000000
0.700000
1.900000
35.900000
0.700000
0.800000
88.400000
0.200000
0.900000
1.100000
3.700000
0.800000
0.000000
0.800000
0.000000
36.000000
8.800000
4.100000
1.400000
3.500000
40.800000
0.300000
0.700000
38.500000
0.900000
1.400000
65.400000
0.400000
0.700000
1.100000
0.800000
0.600000
0.100000
1.100000
0.000000
51.000000
5.700000
2.200000
0.700000
1.500000
47.400000
0.000000
0.000000
0.000000
0.700000
0.900000
78.300000
0.400000
1.000000
1.400000
0.200000
0.200000
0.000000
0.500000
0.000000
79.000000
14.600000
3.600000
1.400000
2.600000
53.200000
0.000000
0.000000
0.000000
0.900000
1.400000
64.000000
1.300000
2.100000
3.400000
0.500000
0.400000
0.300000
0.700000
0.000000
70.000000
10.300000
4.200000
1.700000
3.500000
49.600000
0.000000
0.200000
23.100000
0.700000
0.900000
80.600000
0.700000
1.300000
2.000000
0.700000
0.300000
0.600000
0.800000
0.000000
55.000000
9.300000
3.100000
1.200000
2.500000
47.400000
0.000000
0.000000
0.000000
0.700000
1.300000
56.300000
1.300000
1.300000
2.600000
0.400000
0.200000
0.300000
0.600000
0.000000
50.000000
19.600000
6.700000
2.800000
7.200000
39.700000
0.000000
0.000000
0.000000
1.000000
1.700000
58.100000
1.600000
3.300000
4.900000
1.100000
0.400000
0.700000
1.700000
0.000000
80.000000
19.500000
5.300000
2.000000
4.400000
45.400000
0.200000
0.500000
27.900000
1.200000
1.500000
77.700000
0.500000
1.800000
2.300000
4.500000
0.900000
0.100000
1.900000
0.000000
80.000000
20.000000
8.500000
3.200000
5.700000
55.800000
0.000000
0.000000
0.000000
2.100000
3.200000
67.300000
1.200000
2.700000
3.900000
1.100000
0.900000
0.500000
1.900000
0.000000
82.000000
20.900000
5.700000
2.400000
5.500000
44.300000
0.000000
0.300000
11.500000
0.800000
1.200000
67.300000
0.600000
1.500000
2.100000
2.900000
1.200000
0.300000
1.400000
0.000000
78.000000
13.300000
3.600000
1.600000
3.100000
51.700000
0.000000
0.000000
0.000000
0.400000
0.700000
60.800000
0.800000
2.100000
2.900000
0.800000
0.300000
1.100000
0.800000
0.000000
45.000000
10.300000
3.300000
1.400000
3.300000
41.900000
0.000000
0.200000
12.500000
0.500000
0.600000
82.100000
0.400000
0.500000
0.900000
0.900000
0.300000
0.000000
0.700000
0.000000
74.000000
20.500000
9.300000
4.000000
8.700000
45.900000
0.000000
0.100000
9.100000
1.300000
2.000000
66.400000
1.700000
2.600000
4.400000
1.500000
0.700000
0.200000
1.300000
0.000000
63.000000
17.200000
5.300000
2.200000
4.700000
46.100000
0.000000
0.000000
0.000000
1.000000
1.700000
58.300000
1.500000
3.200000
4.700000
1.000000
0.300000
1.300000
0.900000
0.000000
82.000000
16.900000
6.400000
2.300000
5.500000
41.300000
0.000000
0.100000
0.000000
1.900000
2.400000
76.000000
0.600000
1.200000
1.800000
3.300000
1.100000
0.000000
1.600000
0.000000
53.000000
10.600000
4.100000
1.500000
4.200000
35.700000
0.100000
0.300000
29.400000
1.100000
1.200000
86.200000
0.500000
0.600000
1.100000
1.600000
0.700000
0.100000
1.000000
0.000000
82.000000
21.800000
10.500000
4.200000
8.600000
49.100000
0.000000
0.100000
0.000000
2.000000
2.500000
80.700000
2.100000
2.300000
4.400000
1.600000
0.700000
0.300000
1.500000
0.000000
60.000000
15.800000
8.700000
3.200000
6.000000
52.900000
0.000000
0.100000
0.000000
2.400000
3.600000
67.000000
1.500000
2.900000
4.400000
0.700000
0.600000
1.400000
1.700000
0.000000
52.000000
10.200000
4.200000
1.800000
3.900000
45.400000
0.000000
0.000000
0.000000
0.600000
1.200000
51.600000
1.000000
2.000000
3.000000
0.500000
0.400000
0.400000
0.600000
0.000000
56.000000
31.200000
13.900000
5.000000
12.300000
41.000000
1.600000
4.200000
38.600000
2.200000
2.800000
78.600000
0.800000
3.000000
3.800000
2.400000
0.900000
0.500000
1.600000
0.000000
73.000000
12.200000
4.000000
1.600000
4.200000
38.200000
0.100000
0.900000
13.800000
0.700000
0.900000
76.900000
0.500000
1.500000
2.000000
0.800000
0.500000
0.100000
0.800000
0.000000
66.000000
32.300000
12.800000
4.800000
11.700000
41.500000
1.600000
4.200000
38.000000
1.600000
2.100000
75.900000
0.500000
2.700000
3.200000
3.800000
0.700000
0.100000
2.600000
0.000000
46.000000
22.500000
10.200000
3.900000
6.700000
58.600000
0.000000
0.000000
0.000000
2.400000
3.600000
66.500000
3.100000
4.600000
7.700000
0.800000
0.700000
1.000000
1.200000
0.000000
66.000000
21.500000
8.800000
3.100000
7.500000
41.200000
0.600000
2.100000
26.800000
2.100000
3.000000
69.700000
1.200000
3.500000
4.700000
0.600000
0.500000
0.500000
1.200000
0.000000
42.000000
11.400000
5.000000
1.900000
4.000000
46.700000
0.100000
0.500000
26.100000
1.000000
1.300000
81.500000
0.700000
1.700000
2.400000
0.500000
0.300000
0.200000
0.700000
0.000000
43.000000
10.300000
2.300000
1.000000
2.700000
37.400000
0.100000
0.200000
30.000000
0.300000
0.500000
57.100000
0.200000
0.900000
1.100000
1.800000
0.400000
0.100000
0.800000
0.000000
82.000000
18.200000
7.800000
3.400000
6.000000
55.600000
0.000000
0.000000
0.000000
1.100000
2.000000
54.700000
2.400000
4.000000
6.400000
0.800000
0.600000
0.500000
1.400000
0.000000
76.000000
18.200000
6.600000
2.500000
5.900000
42.400000
0.800000
2.100000
39.500000
0.800000
0.900000
87.100000
0.400000
1.700000
2.100000
1.000000
0.300000
0.100000
1.000000
0.000000
56.000000
15.400000
7.300000
2.600000
6.300000
41.000000
1.100000
3.100000
34.500000
1.100000
1.300000
80.000000
0.200000
1.400000
1.600000
1.900000
0.600000
0.100000
1.100000
0.000000
43.000000
8.300000
2.600000
0.900000
2.400000
35.600000
0.100000
0.400000
21.100000
0.800000
1.100000
74.500000
0.300000
0.900000
1.300000
0.300000
0.200000
0.200000
0.300000
0.000000
81.000000
37.000000
16.800000
7.100000
14.900000
47.500000
0.200000
0.900000
22.200000
2.400000
3.100000
78.800000
1.200000
2.700000
3.900000
6.300000
0.800000
0.200000
2.500000
0.000000
78.000000
34.300000
16.100000
5.300000
11.600000
45.600000
1.700000
4.300000
38.900000
3.800000
4.500000
85.400000
0.600000
2.000000
2.600000
2.800000
1.000000
0.500000
2.100000
0.000000
82.000000
32.500000
15.300000
5.300000
13.400000
39.800000
0.400000
1.600000
27.100000
4.300000
5.200000
81.500000
2.200000
2.700000
4.900000
5.300000
1.300000
0.200000
3.300000
0.000000
44.000000
13.300000
4.900000
1.800000
4.000000
46.000000
0.100000
0.300000
25.000000
1.200000
1.400000
82.300000
0.300000
0.800000
1.100000
1.200000
0.300000
0.200000
0.700000
0.000000
75.000000
15.400000
7.500000
2.800000
6.400000
43.900000
0.500000
1.300000
40.000000
1.300000
1.700000
81.500000
0.300000
1.200000
1.500000
0.800000
0.500000
0.100000
1.300000
0.000000
44.000000
7.600000
2.500000
1.000000
2.100000
46.200000
0.000000
0.200000
11.100000
0.500000
0.900000
56.100000
0.500000
0.800000
1.300000
0.400000
0.300000
0.000000
0.400000
0.000000
80.000000
28.900000
8.800000
3.200000
7.900000
40.300000
1.400000
3.900000
36.100000
1.100000
1.500000
69.900000
0.400000
2.900000
3.300000
2.700000
1.100000
0.100000
1.500000
0.000000
72.000000
21.400000
9.300000
3.200000
7.800000
40.700000
0.800000
2.000000
39.700000
2.100000
2.800000
75.200000
0.800000
1.500000
2.300000
2.000000
0.800000
0.000000
1.600000
0.000000
47.000000
19.000000
6.200000
2.400000
6.000000
39.400000
0.100000
0.200000
44.400000
1.400000
2.200000
62.900000
1.200000
2.400000
3.600000
1.200000
0.700000
0.400000
1.100000
0.000000
76.000000
11.500000
3.000000
1.300000
3.200000
39.300000
0.300000
0.900000
27.900000
0.200000
0.300000
69.600000
0.300000
0.900000
1.200000
0.900000
0.100000
0.100000
0.800000
0.000000
64.000000
7.900000
2.100000
0.800000
1.800000
41.400000
0.200000
0.500000
32.300000
0.400000
0.500000
74.300000
0.300000
0.700000
0.900000
0.700000
0.300000
0.100000
0.500000
0.000000
80.000000
30.500000
9.400000
3.600000
9.500000
38.000000
0.500000
2.200000
24.000000
1.600000
2.300000
70.400000
1.000000
2.800000
3.700000
8.100000
1.700000
0.500000
3.400000
0.000000
73.000000
26.000000
8.800000
3.300000
9.100000
36.600000
1.200000
3.700000
33.000000
0.900000
1.200000
74.400000
1.600000
4.100000
5.700000
0.700000
0.200000
1.800000
0.600000
0.000000
53.000000
9.700000
3.600000
1.300000
2.800000
45.600000
0.000000
0.000000
0.000000
1.000000
1.800000
58.500000
0.800000
1.100000
1.800000
0.100000
0.100000
0.800000
0.300000
0.000000
41.000000
5.800000
2.800000
1.200000
2.600000
44.900000
0.000000
0.000000
0.000000
0.400000
0.700000
66.700000
0.800000
0.900000
1.700000
0.300000
0.200000
0.100000
0.400000
0.000000
42.000000
11.200000
3.900000
1.600000
3.200000
48.500000
0.000000
0.000000
0.000000
0.800000
1.000000
74.400000
0.700000
1.500000
2.200000
0.600000
0.200000
0.100000
0.600000
0.000000
81.000000
37.000000
20.100000
7.800000
16.100000
48.200000
0.000000
0.000000
0.000000
4.500000
6.600000
68.500000
4.300000
5.700000
10.000000
1.900000
0.800000
1.600000
2.800000
0.000000
77.000000
36.100000
18.000000
6.500000
14.500000
44.500000
1.400000
4.000000
34.500000
3.700000
4.700000
78.600000
2.000000
3.300000
5.300000
6.600000
1.500000
0.400000
4.000000
0.000000
51.000000
24.700000
10.200000
4.400000
9.200000
47.100000
0.100000
0.400000
18.200000
1.400000
1.700000
84.700000
2.100000
4.500000
6.500000
1.400000
0.800000
1.000000
1.000000
0.000000
67.000000
16.600000
7.000000
3.200000
5.800000
54.900000
0.000000
0.100000
0.000000
0.700000
1.000000
73.400000
0.800000
1.900000
2.700000
0.500000
0.700000
0.400000
0.600000
0.000000
52.000000
11.300000
2.500000
0.900000
2.300000
39.300000
0.000000
0.200000
11.100000
0.700000
1.000000
71.700000
1.400000
0.800000
2.200000
0.400000
0.800000
0.300000
0.300000
0.000000
49.000000
7.000000
3.200000
1.100000
2.900000
38.900000
0.300000
1.000000
34.000000
0.600000
0.800000
65.900000
0.600000
0.900000
1.500000
0.200000
0.200000
0.100000
0.400000
0.000000
28.000000
30.400000
6.300000
2.400000
4.800000
50.000000
0.000000
0.000000
0.000000
1.500000
2.100000
71.700000
4.000000
6.300000
10.300000
0.900000
0.900000
0.600000
1.200000
0.000000
47.000000
22.500000
9.600000
3.800000
8.400000
45.200000
0.100000
0.200000
30.000000
1.900000
3.300000
58.800000
2.800000
3.600000
6.400000
0.700000
0.800000
0.300000
1.400000
0.000000
49.000000
15.900000
6.200000
2.600000
5.400000
46.800000
0.000000
0.000000
0.000000
1.100000
1.600000
67.500000
1.300000
1.700000
3.000000
0.400000
0.400000
0.300000
0.500000
0.000000
24.000000
14.300000
5.200000
1.800000
5.000000
36.100000
1.000000
2.600000
40.300000
0.600000
0.700000
82.400000
0.300000
1.600000
1.800000
1.800000
0.500000
0.000000
0.700000
0.000000
26.000000
4.700000
1.600000
0.600000
1.600000
35.700000
0.000000
0.000000
0.000000
0.500000
0.800000
57.100000
0.700000
0.700000
1.400000
0.100000
0.200000
0.100000
0.500000
0.000000
80.000000
33.300000
15.300000
6.400000
14.300000
45.000000
0.000000
0.400000
10.700000
2.400000
2.800000
83.900000
1.400000
2.100000
3.500000
2.200000
1.600000
0.200000
1.600000
0.000000
77.000000
29.400000
7.500000
2.900000
7.900000
37.100000
0.500000
1.700000
32.800000
1.000000
1.400000
72.700000
0.700000
1.600000
2.200000
4.300000
0.800000
0.100000
1.600000
0.000000
66.000000
27.900000
11.700000
3.600000
8.900000
40.800000
0.300000
1.300000
20.200000
4.200000
4.800000
87.300000
0.800000
2.000000
2.800000
3.400000
1.300000
0.200000
1.900000
0.000000
77.000000
23.100000
11.000000
4.000000
8.900000
44.700000
0.800000
2.200000
36.300000
2.200000
3.000000
74.000000
1.400000
2.400000
3.700000
1.200000
0.700000
0.200000
1.500000
0.000000
38.000000
16.400000
4.300000
1.300000
3.700000
34.800000
0.600000
1.600000
36.100000
1.100000
1.600000
67.700000
0.400000
1.100000
1.500000
2.600000
0.700000
0.100000
1.400000
0.000000
45.000000
9.300000
3.100000
1.000000
2.700000
36.100000
0.100000
0.200000
37.500000
1.100000
1.500000
70.600000
0.100000
0.800000
0.800000
1.900000
0.200000
0.000000
1.200000
0.000000
37.000000
5.300000
1.900000
0.700000
1.700000
39.700000
0.200000
0.800000
32.100000
0.400000
0.500000
65.000000
0.200000
0.500000
0.700000
0.500000
0.300000
0.100000
0.300000
0.000000
43.000000
14.000000
5.000000
1.900000
4.300000
44.400000
0.000000
0.000000
0.000000
1.100000
1.700000
64.900000
1.100000
2.300000
3.400000
0.400000
0.300000
0.500000
0.900000
0.000000
82.000000
34.400000
15.300000
5.700000
12.500000
45.800000
0.100000
0.300000
35.700000
3.700000
4.800000
77.300000
3.700000
5.100000
8.700000
1.000000
1.000000
1.600000
1.700000
0.000000
64.000000
23.000000
10.700000
3.800000
8.500000
44.100000
0.000000
0.200000
30.000000
3.100000
4.700000
67.100000
1.400000
2.000000
3.400000
1.100000
0.900000
0.200000
1.400000
0.000000
81.000000
22.200000
8.200000
2.800000
6.200000
45.400000
0.400000
1.400000
31.600000
2.100000
2.900000
73.900000
0.700000
2.000000
2.700000
4.800000
0.800000
0.300000
2.000000
0.000000
41.000000
12.300000
3.300000
1.500000
3.200000
45.100000
0.000000
0.200000
0.000000
0.400000
0.900000
44.700000
1.000000
1.400000
2.400000
1.200000
0.500000
0.100000
1.000000
0.000000
71.000000
24.800000
9.600000
4.100000
8.100000
50.800000
0.000000
0.100000
0.000000
1.400000
2.300000
59.600000
3.100000
2.700000
5.800000
1.400000
1.400000
0.400000
1.200000
0.000000
67.000000
16.700000
5.000000
2.000000
4.200000
48.400000
0.000000
0.300000
9.100000
0.900000
1.500000
61.400000
0.900000
1.800000
2.700000
0.800000
1.000000
0.300000
0.800000
0.000000
58.000000
11.600000
4.800000
1.800000
4.900000
36.500000
0.400000
1.300000
31.500000
0.800000
1.200000
67.200000
0.600000
0.800000
1.300000
1.200000
0.500000
0.300000
0.900000
0.000000
82.000000
37.200000
19.200000
7.500000
15.300000
49.000000
0.100000
0.300000
22.700000
4.100000
5.000000
82.900000
3.900000
7.000000
11.000000
3.600000
1.000000
0.600000
1.900000
0.000000
67.000000
9.000000
3.700000
1.400000
3.600000
38.800000
0.400000
1.300000
29.200000
0.500000
0.700000
75.600000
0.100000
0.600000
0.700000
1.400000
0.400000
0.100000
1.000000
0.000000
70.000000
16.900000
7.200000
3.000000
7.200000
41.900000
0.100000
0.300000
25.000000
1.100000
1.300000
79.600000
0.500000
1.100000
1.700000
1.300000
0.300000
0.100000
1.000000
0.000000
65.000000
9.500000
5.000000
2.100000
4.400000
47.600000
0.000000
0.400000
7.100000
0.800000
1.000000
82.800000
0.600000
0.900000
1.500000
1.200000
0.100000
0.000000
0.800000
0.000000
71.000000
30.400000
16.300000
6.100000
12.400000
49.500000
0.000000
0.000000
0.000000
4.000000
5.500000
72.500000
2.400000
4.100000
6.500000
1.500000
1.000000
1.300000
2.100000
0.000000
71.000000
21.100000
6.400000
2.500000
5.100000
49.000000
0.000000
0.200000
0.000000
1.400000
1.800000
80.300000
0.500000
1.700000
2.200000
3.400000
1.100000
0.100000
1.600000
0.000000
65.000000
18.500000
7.400000
2.900000
5.800000
50.100000
0.000000
0.100000
0.000000
1.500000
2.700000
57.100000
1.800000
2.700000
4.500000
1.000000
1.000000
0.300000
1.200000
0.000000
72.000000
7.300000
2.500000
0.800000
2.000000
41.500000
0.000000
0.100000
0.000000
0.800000
1.100000
73.800000
0.700000
0.600000
1.300000
0.600000
0.300000
0.000000
0.500000
0.000000
35.000000
6.000000
1.900000
0.700000
2.100000
31.900000
0.100000
0.300000
20.000000
0.500000
0.600000
77.300000
0.300000
0.300000
0.700000
1.100000
0.300000
0.100000
0.800000
0.000000
76.000000
14.900000
5.500000
2.200000
4.600000
48.100000
0.100000
0.500000
27.000000
1.000000
1.200000
78.500000
0.600000
1.200000
1.700000
3.500000
0.900000
0.000000
1.400000
0.000000
64.000000
12.700000
4.100000
1.800000
3.300000
52.800000
0.000000
0.000000
0.000000
0.600000
1.300000
43.500000
1.400000
2.400000
3.800000
0.300000
0.200000
0.300000
0.900000
0.000000
78.000000
20.100000
8.400000
3.000000
5.800000
52.000000
0.000000
0.100000
0.000000
2.300000
3.600000
64.800000
1.800000
3.300000
5.100000
1.600000
0.600000
0.800000
1.800000
0.000000
82.000000
21.100000
9.000000
3.800000
8.100000
46.700000
0.100000
0.500000
23.100000
1.400000
1.800000
77.200000
1.500000
2.300000
3.800000
1.500000
0.800000
0.500000
0.900000
0.000000
72.000000
16.900000
6.300000
2.600000
5.600000
46.400000
0.000000
0.200000
9.100000
1.100000
1.500000
72.700000
0.800000
1.300000
2.100000
1.800000
0.800000
0.100000
1.000000
0.000000
53.000000
12.400000
3.400000
1.300000
3.300000
37.900000
0.600000
1.700000
36.000000
0.300000
0.300000
93.800000
0.700000
1.800000
2.500000
0.400000
0.300000
0.000000
0.200000
0.000000
74.000000
19.500000
7.000000
2.600000
6.300000
40.800000
0.000000
0.200000
13.300000
1.800000
2.400000
75.300000
0.500000
1.300000
1.800000
4.900000
1.200000
0.200000
2.500000
0.000000
51.000000
11.300000
2.800000
1.100000
2.500000
42.200000
0.000000
0.200000
20.000000
0.700000
1.000000
64.200000
0.700000
1.400000
2.100000
0.500000
0.500000
0.200000
0.700000
0.000000
49.000000
13.000000
3.900000
1.600000
3.600000
43.500000
0.000000
0.000000
0.000000
0.800000
1.300000
59.400000
0.800000
0.900000
1.600000
0.800000
0.400000
0.000000
0.500000
0.000000
72.000000
11.900000
2.900000
1.200000
2.300000
50.900000
0.000000
0.000000
0.000000
0.500000
1.200000
45.900000
1.000000
1.500000
2.500000
0.600000
0.300000
0.700000
0.700000
0.000000
43.000000
8.600000
3.400000
1.300000
2.300000
54.000000
0.000000
0.100000
66.700000
0.800000
1.600000
50.700000
0.300000
0.400000
0.700000
1.300000
0.400000
0.100000
1.000000
0.000000
51.000000
6.600000
3.000000
1.100000
2.400000
45.100000
0.000000
0.000000
0.000000
0.800000
1.200000
67.700000
0.200000
0.500000
0.700000
0.400000
0.300000
0.100000
0.700000
0.000000
28.000000
8.100000
1.700000
0.600000
1.400000
42.500000
0.300000
0.800000
30.400000
0.200000
0.300000
85.700000
0.300000
1.100000
1.500000
0.400000
0.200000
0.100000
0.500000
0.000000
37.000000
7.800000
3.900000
1.500000
3.400000
46.000000
0.100000
0.300000
27.300000
0.700000
1.100000
65.000000
0.600000
0.800000
1.400000
0.200000
0.200000
0.000000
0.400000
0.000000
60.000000
8.900000
2.800000
1.000000
3.000000
33.000000
0.000000
0.100000
0.000000
0.900000
1.200000
73.900000
0.500000
0.700000
1.200000
1.300000
0.400000
0.000000
0.600000
0.000000
55.000000
8.400000
2.700000
1.000000
2.500000
41.200000
0.000000
0.100000
0.000000
0.700000
1.500000
43.500000
0.500000
1.200000
1.700000
0.300000
0.400000
0.400000
0.600000
0.000000
12.000000
15.500000
4.700000
1.600000
4.400000
35.800000
0.800000
2.600000
32.300000
0.700000
1.000000
66.700000
0.300000
2.300000
2.600000
1.300000
0.900000
0.200000
0.600000
0.000000
48.000000
8.200000
2.100000
0.900000
2.400000
38.100000
0.100000
0.500000
17.400000
0.200000
0.300000
56.300000
0.100000
0.900000
0.900000
1.300000
0.200000
0.100000
0.700000
0.000000
42.000000
13.500000
4.900000
2.100000
5.000000
42.100000
0.000000
0.000000
0.000000
0.700000
1.200000
55.800000
1.300000
2.000000
3.300000
0.400000
0.400000
0.500000
0.900000
0.000000
26.000000
12.200000
2.800000
1.100000
2.800000
38.900000
0.600000
1.500000
37.500000
0.100000
0.200000
50.000000
0.300000
0.800000
1.000000
1.000000
0.400000
0.300000
0.600000
0.000000
41.000000
5.200000
2.000000
0.800000
1.600000
48.500000
0.000000
0.000000
0.000000
0.400000
0.600000
73.900000
0.500000
0.600000
1.000000
0.200000
0.100000
0.200000
0.500000
0.000000
60.000000
13.100000
4.500000
1.800000
3.600000
50.200000
0.000000
0.100000
0.000000
0.900000
1.200000
75.400000
0.900000
1.900000
2.800000
0.600000
0.200000
0.600000
0.500000
0.000000
79.000000
27.300000
12.700000
4.700000
11.000000
42.900000
0.500000
1.600000
33.100000
2.700000
3.600000
74.300000
1.200000
3.300000
4.500000
1.200000
0.600000
0.500000
1.600000
0.000000
73.000000
23.100000
8.100000
3.100000
8.200000
37.500000
0.900000
2.800000
30.700000
1.100000
1.400000
78.400000
0.800000
3.400000
4.200000
1.600000
0.800000
0.200000
1.600000
0.000000
60.000000
22.800000
10.300000
4.400000
8.800000
49.800000
0.100000
0.200000
21.400000
1.500000
2.000000
72.700000
1.100000
4.400000
5.500000
0.700000
0.400000
1.400000
1.100000
0.000000
52.000000
10.700000
1.900000
0.800000
1.700000
47.100000
0.000000
0.000000
0.000000
0.300000
0.500000
59.300000
1.000000
1.600000
2.600000
0.300000
0.200000
0.200000
0.500000
0.000000
48.000000
20.100000
7.700000
2.900000
6.300000
45.700000
0.300000
1.000000
28.300000
1.600000
2.000000
79.600000
0.600000
1.400000
2.000000
0.900000
1.100000
0.000000
1.000000
0.000000
81.000000
19.800000
6.100000
2.700000
5.700000
47.000000
0.400000
1.100000
34.800000
0.300000
0.500000
63.400000
0.500000
2.600000
3.100000
4.500000
1.200000
0.100000
1.700000
0.000000
79.000000
17.200000
7.900000
3.100000
6.800000
45.000000
0.800000
2.300000
37.200000
1.000000
1.300000
73.600000
0.400000
1.400000
1.800000
0.800000
0.600000
0.300000
1.100000
0.000000
80.000000
15.400000
3.200000
1.300000
3.200000
39.500000
0.100000
0.500000
22.500000
0.600000
0.900000
66.200000
0.500000
1.400000
1.800000
1.600000
1.000000
0.100000
1.400000
0.000000
32.000000
22.900000
8.300000
3.200000
6.900000
46.200000
0.900000
2.100000
44.100000
0.900000
1.100000
85.700000
0.400000
2.100000
2.500000
3.600000
1.000000
0.100000
1.500000
0.000000
62.000000
17.800000
7.000000
3.000000
7.000000
42.700000
0.300000
0.800000
30.800000
0.800000
1.100000
72.700000
2.000000
3.500000
5.400000
0.800000
0.400000
0.300000
0.900000
0.000000
46.000000
15.300000
4.600000
1.800000
4.300000
41.200000
0.000000
0.100000
0.000000
1.000000
1.600000
64.000000
1.400000
2.400000
3.800000
0.900000
0.500000
0.400000
1.400000
0.000000
64.000000
23.500000
8.300000
2.700000
7.300000
36.900000
1.600000
4.500000
35.300000
1.300000
1.700000
76.600000
0.300000
2.000000
2.300000
2.600000
0.600000
0.100000
0.900000
0.000000
59.000000
23.400000
6.900000
2.800000
7.300000
39.300000
0.400000
1.300000
26.900000
0.800000
1.100000
79.000000
0.600000
2.100000
2.700000
2.200000
1.000000
0.600000
1.400000
0.000000
68.000000
16.300000
3.800000
1.600000
4.300000
38.400000
0.200000
1.100000
19.200000
0.300000
0.400000
64.300000
1.100000
2.000000
3.100000
0.900000
0.300000
0.400000
0.700000
0.000000
74.000000
12.100000
3.800000
1.500000
4.000000
37.200000
0.300000
0.900000
36.500000
0.500000
0.700000
73.100000
0.600000
0.900000
1.500000
0.500000
0.300000
0.200000
0.600000
0.000000
59.000000
8.200000
2.600000
0.900000
3.100000
30.900000
0.300000
1.100000
28.600000
0.400000
0.600000
66.700000
0.100000
0.500000
0.700000
1.500000
0.200000
0.000000
0.700000
0.000000
27.000000
9.200000
2.900000
1.300000
3.200000
39.500000
0.000000
0.200000
20.000000
0.300000
0.500000
69.200000
0.900000
1.100000
2.000000
0.500000
0.300000
0.100000
0.400000
0.000000
77.000000
24.700000
10.100000
3.700000
8.800000
42.200000
0.700000
2.200000
34.100000
1.900000
2.300000
84.200000
0.400000
2.400000
2.800000
3.600000
0.700000
0.100000
2.500000
0.000000
65.000000
21.200000
6.300000
1.900000
5.400000
35.200000
0.800000
2.400000
31.400000
1.800000
3.000000
59.100000
0.800000
2.300000
3.000000
1.200000
0.600000
1.100000
1.300000
0.000000
80.000000
31.000000
10.800000
3.800000
9.300000
41.200000
0.700000
1.800000
36.800000
2.500000
3.200000
78.200000
0.800000
1.700000
2.500000
6.100000
1.100000
0.000000
2.400000
0.000000
66.000000
22.600000
6.800000
2.900000
5.900000
48.500000
0.000000
0.100000
28.600000
1.000000
2.300000
44.700000
3.000000
4.300000
7.400000
0.700000
0.500000
0.600000
1.400000
0.000000
41.000000
9.600000
4.100000
1.200000
3.100000
38.800000
0.200000
0.600000
36.000000
1.400000
2.100000
68.200000
0.500000
0.900000
1.400000
0.400000
0.300000
0.400000
0.700000
0.000000
49.000000
6.500000
4.800000
1.700000
4.000000
42.600000
0.800000
2.000000
38.400000
0.600000
0.800000
71.100000
0.200000
0.300000
0.500000
1.000000
0.300000
0.000000
1.000000
0.000000
38.000000
6.500000
3.100000
1.200000
3.000000
39.500000
0.500000
1.500000
31.000000
0.200000
0.300000
66.700000
0.200000
0.400000
0.600000
1.100000
0.300000
0.100000
0.700000
0.000000
74.000000
21.300000
8.000000
3.100000
7.600000
40.200000
0.100000
0.600000
16.700000
1.700000
2.300000
77.200000
0.700000
1.900000
2.600000
1.600000
1.000000
0.200000
1.500000
0.000000
20.000000
21.100000
9.400000
3.700000
8.200000
44.800000
0.000000
0.100000
0.000000
2.100000
2.700000
75.900000
1.900000
2.200000
4.100000
1.200000
0.800000
0.300000
1.300000
0.000000
80.000000
15.800000
4.300000
1.600000
3.600000
43.300000
0.000000
0.200000
14.300000
1.200000
1.500000
79.200000
0.400000
0.800000
1.200000
2.500000
0.600000
0.200000
0.800000
1.694955
9.091173
1.733994
0.415303
7.001986
10.295032
97.939324
0.526366
2.345485
9.735100
4.245409
11.561524
8.318724
8.902403
1.910895
3.817158
5.890394
0.888244
3.034502
18.249959
5.441067
0.270008
13.689238
2.379599
0.345245
0.675844
6.130920
0.732581
9.061457
0.830800
0.895572
0.958926
6.115694
2.451505
3.010038
0.918439
5.964953
12.878160
1.110464
0.763288
0.410728
5.937671
9.594751
5.677614
0.970451
0.866060
6.842720
19.034738
3.082279
0.097181
0.981974
23.674144
4.626347
11.313703
0.165497
0.080912
4.256334
2.667214
4.688798
15.049304
0.552749
1.078430
6.139624
0.165744
0.545368
0.638185
1.588282
0.962356
0.692903
5.397705
0.373581
7.866092
19.052228
0.385441
3.273775
5.347986
11.461337
0.401081
19.742196
11.237819
-0.300410
-12.214325
-7.300266
-4.788653
-100.000000
-3.501791
-20.155240
-10.289378
-2.227111
-9.063779
-6.439380
-5.146880
-2.813983
-5.918600
-2.251876
-4.021733
-25.118151
-15.273085
-12.800858
-0.046365
-21.390796
-4.571951
-10.213290
-5.831248
-1.187134
-0.540405
-6.178445
-18.295499
-1.132420
-4.163878
-43.767377
-2.116914
-0.234928
-2.221812
-6.631100
-3.867445
-0.679762
-8.360462
-6.465505
-1.157832
-6.561409
-6.191453
-3.665857
-0.389787
-0.326891
-13.515938
-1.974674
-10.415670
-3.681639
-0.709294
-5.773908
-0.326073
-27.491691
-3.703800
-3.442421
-6.351227
-2.622165
-3.319070
