228
0.165525
-0.061276
-0.107001
0.678086
-0.090725
-0.051785
-0.015028
-0.117354
-0.090083
0.095880
0.119213
-0.158112
-0.005007
-0.002354
0.201073
-0.112373
0.066622
0.400124
-0.142905
-0.005007
-1.999993
0.000000
0.106241
0.032967
0.032967
-0.321914
0.167220
-0.026172
0.068976
0.302597
0.095880
-0.735150
0.167220
0.123693
0.119213
-0.521677
0.000000
0.027956
0.098723
0.000000
0.000000
-0.061276
-0.052534
0.020418
0.068976
-0.118069
0.096592
-0.005007
0.027956
0.167220
-0.015028
-0.026172
0.105883
0.000000
0.038554
-0.308062
0.096592
0.032967
-0.002354
0.096592
0.044294
0.263399
-0.307866
0.000000
0.000000
0.052453
0.000000
-0.090083
-0.372512
0.068976
-0.061276
-0.372512
-0.117354
-0.107001
0.068976
-0.109354
0.000000
-0.074432
-0.142905
-0.281694
0.096939
0.180649
0.119213
0.042491
0.008578
0.097527
-0.090083
0.119213
0.038554
0.038554
0.044294
0.246548
-0.090725
0.097527
0.124737
-0.321914
-0.074432
-0.283909
0.167220
0.678086
0.000000
0.068976
-0.052534
0.124737
-0.107001
0.279515
0.000000
-0.051785
-0.142905
0.000000
-0.339054
0.096592
-0.095441
-0.015028
0.042491
0.027956
0.246548
0.307692
0.081641
-0.015028
-0.061276
0.183136
0.113751
0.068976
0.201073
0.095880
0.095880
0.008578
0.096939
-0.142905
-0.153857
-0.142905
0.106241
-0.099189
-0.051785
0.000000
-0.117354
0.027956
0.201073
-0.643903
-0.142905
-0.049314
0.000000
-0.026172
-0.074432
0.109977
-0.112373
0.044294
-0.090083
-0.090725
0.119213
-0.165140
0.130140
0.044294
0.119213
0.123693
0.000000
-0.174860
-0.002354
-0.468998
0.302597
-0.146452
-0.117354
0.258838
0.597927
0.052453
0.167220
0.141820
0.095880
0.263399
0.119213
0.201073
0.032967
0.096939
0.130140
-0.078269
-0.112373
0.043875
0.183136
-0.090083
0.183136
0.024074
0.000000
0.097527
0.124737
0.043875
-0.122361
0.046374
0.095880
0.008578
0.220285
0.201073
-0.090083
-0.117354
0.042491
-0.054895
-0.061276
-0.165140
0.350786
0.000000
0.000000
0.162246
-0.165157
-0.117354
-0.054268
0.130140
0.246548
0.302597
0.000000
-0.096835
-0.090083
0.000000
0.042491
-0.052534
-0.090083
-0.177214
-0.051785
0.042491
0.259171
0.000000
0.285079
-0.061276
0.096592
0.068976
0.192298
-0.090725
0.043875
-0.372512
0.038554
