228
0.174294
-0.062345
-0.106216
0.679749
-0.093070
-0.053351
-0.016218
-0.116272
-0.090518
0.096720
0.120678
-0.160767
-0.007105
-0.004042
0.198288
-0.113370
0.064879
0.400140
-0.141828
-0.007105
-2.001939
0.000000
0.106338
0.032725
0.032725
-0.320251
0.167277
-0.029633
0.068922
0.299601
0.096720
-0.739674
0.167277
0.124058
0.120678
-0.531887
0.000000
0.027905
0.097276
0.000000
0.000000
-0.062345
-0.055570
0.016623
0.068922
-0.122801
0.096347
-0.007105
0.027905
0.167277
-0.016218
-0.029633
0.103638
0.000000
0.038357
-0.308092
0.096347
0.032725
-0.004042
0.096347
0.042453
0.269335
-0.311640
0.000000
0.000000
0.050779
0.000000
-0.090518
-0.370088
0.068922
-0.062345
-0.370088
-0.116272
-0.106216
0.068922
-0.110259
0.000000
-0.073194
-0.141828
-0.282006
0.096577
0.181353
0.120678
0.041393
0.006847
0.100538
-0.090518
0.120678
0.038357
0.038357
0.042453
0.245367
-0.093070
0.100538
0.125544
-0.320251
-0.073194
-0.280353
0.167277
0.679749
0.000000
0.068922
-0.055570
0.125544
-0.106216
0.278092
0.000000
-0.053351
-0.141828
0.000000
-0.345667
0.096347
-0.103010
-0.016218
0.041393
0.027905
0.245367
0.311788
0.076428
-0.016218
-0.062345
0.186251
0.113494
0.068922
0.198288
0.096720
0.096720
0.006847
0.096577
-0.141828
-0.158148
-0.141828
0.106338
-0.102465
-0.053351
0.000000
-0.116272
0.027905
0.198288
-0.638591
-0.141828
-0.057804
0.000000
-0.029633
-0.073194
0.105216
-0.113370
0.042453
-0.090518
-0.093070
0.120678
-0.165900
0.129866
0.042453
0.120678
0.124058
0.000000
-0.173738
-0.004042
-0.472738
0.299601
-0.146651
-0.116272
0.258762
0.594256
0.050779
0.167277
0.142991
0.096720
0.269335
0.120678
0.198288
0.032725
0.096577
0.129866
-0.077391
-0.113370
0.043932
0.186251
-0.090518
0.186251
0.018774
0.000000
0.100538
0.125544
0.043932
-0.123377
0.043830
0.096720
0.006847
0.220405
0.198288
-0.090518
-0.116272
0.041393
-0.060012
-0.062345
-0.165900
0.345233
0.000000
0.000000
0.162415
-0.166264
-0.116272
-0.058280
0.129866
0.245367
0.299601
0.000000
-0.098422
-0.090518
0.000000
0.041393
-0.055570
-0.090518
-0.177780
-0.053351
0.041393
0.260621
0.000000
0.287898
-0.062345
0.096347
0.068922
0.183287
-0.093070
0.043932
-0.370088
0.038357
